0
6
0
0
0
1
0
0
0
0
0
0
0
0
0
0
0
0
0
0
0
0
0
0
0
0
0
0
0
0
0
0
0
0
0
0
0
0
0
0
0
0
0
1
1
0
1
2
1
1
1
1
2
1
1
1
1
1
1
1
1
0
1
1
7
0
1
1
1
1
1
1
1
1
2
1
1
1
1
8
1
1
1
1
1
1
1
1
5
5
5
5
5
5
0
6
6
5
6
8
8
5
8
5
5
8
8
0
8
7
5
8
8
8
8
5
5
5
5
5
5
5
5
1
5
0
1
0
8
0
8
8
8
8
8
8
4
8
4
8
4
8
4
8
4
0
4
4
4
7
4
4
4
4
4
4
4
4
8
6
8
4
4
4
8
4
4
4
7
4
4
4
6
4
6
6
4
0
8
4
8
4
4
3
0
8
3
3
3
3
8
3
3
3
3
3
3
3
3
8
8
8
8
3
8
3
3
8
7
3
8
3
3
8
3
3
3
3
3
6
3
3
8
3
8
3
3
3
3
0
0
2
0
0
6
0
0
1
1
0
2
2
1
8
3
2
8
0
2
1
0
2
2
1
2
2
2
6
7
2
0
2
2
2
2
2
0
2
0
2
0
0
7
2
0
9
8
9
9
9
9
9
9
8
9
9
0
9
9
9
9
9
9
9
8
9
7
9
9
9
9
9
7
9
9
8
9
8
9
8
9
9
9
8
9
9
9
9
9
9
8
9
7
7
7
7
7
7
7
0
7
7
7
7
7
7
7
7
7
7
7
7
7
7
7
7
2
7
7
7
7
3
7
7
7
7
7
7
7
7
7
7
8
7
7
7
7
7
8
7
7
7
8
8
8
8
8
8
8
8
8
8
8
8
8
0
8
8
8
8
8
8
8
8
8
8
8
7
8
8
8
8
8
8
8
8
6
8
8
8
8
6
8
8
8
8
8
8
8
0
6
6
6
6
6
6
0
1
6
6
6
6
6
6
6
6
6
6
6
6
7
6
3
8
6
6
6
3
6
6
8
6
6
6
8
6
6
6
6
7
6
0
6
7
6
6
