0
6
0
0
0
1
0
0
0
0
0
0
0
0
0
0
0
0
0
0
0
0
0
0
0
0
0
0
0
0
0
0
0
0
0
0
0
0
0
0
0
0
0
1
1
0
1
2
1
1
1
1
2
1
1
1
1
1
1
1
1
0
1
3
7
7
1
1
1
1
1
1
1
1
2
1
1
1
1
8
1
1
1
1
1
1
1
0
5
5
5
5
5
5
5
6
6
5
6
8
8
5
8
5
5
8
8
5
5
5
5
8
8
8
8
5
5
5
5
5
5
5
5
5
5
5
1
5
8
8
8
8
8
8
5
8
4
4
4
4
4
8
4
4
4
4
4
4
4
4
4
4
4
4
4
4
4
4
4
4
8
4
4
4
8
4
4
4
4
4
4
4
4
4
6
6
4
6
4
4
4
4
4
3
3
8
3
3
3
3
8
3
3
3
3
3
3
3
3
8
8
3
8
3
8
3
3
6
7
3
7
3
3
3
3
3
3
3
3
3
3
3
7
3
8
3
3
3
3
3
2
2
2
7
6
0
2
1
2
0
2
2
2
8
3
2
3
2
2
1
3
2
2
1
2
2
2
3
2
2
2
2
2
2
2
2
2
2
2
2
2
2
7
2
0
3
9
9
9
9
9
9
9
9
9
9
6
9
9
9
9
9
9
9
9
9
9
9
9
9
9
9
7
9
9
9
9
9
9
9
9
9
9
8
9
9
9
9
9
9
8
9
7
7
7
7
7
7
7
0
7
7
7
7
7
7
7
7
7
7
7
7
7
7
7
7
2
7
7
7
7
3
7
7
7
7
7
7
7
7
7
7
7
7
7
7
7
7
8
7
7
7
8
8
8
8
8
8
8
8
8
8
8
8
8
0
8
8
7
8
8
8
8
8
8
8
7
7
8
8
8
8
8
8
8
8
6
8
8
8
8
6
8
8
8
8
8
8
8
7
6
6
6
6
6
7
0
1
6
6
6
6
6
6
6
6
6
6
6
6
6
6
3
8
6
6
6
3
6
6
6
6
6
6
8
6
8
6
6
6
6
6
6
7
6
6
