4
4
4
4
4
4
4
4
4
4
4
4
4
4
4
4
4
4
4
4
4
4
4
4
4
4
4
4
4
4
4
4
4
4
4
4
4
4
4
2
4
2
4
4
4
4
4
1
1
2
1
2
1
1
1
1
2
1
1
1
1
1
1
1
1
2
1
3
6
1
1
1
1
1
1
1
1
1
2
1
1
1
1
1
1
1
1
1
1
1
1
2
5
5
5
5
5
5
5
5
5
5
5
5
8
5
8
5
5
8
5
5
5
5
5
5
8
5
9
5
5
5
5
5
5
5
5
5
5
5
5
5
8
5
8
4
8
5
5
8
0
0
0
0
0
0
0
0
0
0
0
0
0
0
0
0
0
0
0
0
0
2
0
0
0
0
0
0
0
0
0
0
0
0
0
0
0
0
0
0
0
0
0
3
2
7
3
3
3
3
7
3
3
3
3
3
3
3
3
8
3
3
8
3
7
3
3
6
3
3
7
3
3
3
3
3
3
3
3
3
3
3
7
3
3
3
3
3
3
2
2
2
2
5
2
2
2
2
2
2
2
2
2
9
3
2
3
2
2
2
3
2
2
1
2
2
2
3
2
2
2
2
2
2
2
2
2
2
2
2
2
2
2
2
2
3
9
9
9
9
9
9
9
9
9
9
9
9
9
9
9
9
9
9
9
9
9
9
9
9
9
9
3
9
9
9
9
9
9
9
9
9
9
8
9
9
9
9
9
9
8
9
7
7
7
7
7
7
7
7
7
7
7
7
7
7
7
7
7
7
7
7
7
7
7
7
2
7
7
7
7
3
7
7
7
7
7
7
7
7
7
8
8
7
7
7
7
7
7
7
7
7
8
8
8
8
8
8
8
8
8
6
8
8
8
0
8
8
7
8
8
8
8
8
8
8
7
7
8
5
8
8
8
6
8
5
6
8
8
8
8
6
8
8
8
8
8
8
8
6
6
6
6
6
6
6
0
6
6
6
6
6
6
3
6
6
6
6
6
6
7
6
3
8
6
6
6
3
6
6
6
6
6
6
8
6
3
6
6
6
6
6
6
7
6
6
